0.022566 
0.073459 
0.106243 
0.076935 
0.021522 
0.054832 
0.105812 
0.099563 
0.100010 
0.077582 
0.091967 
0.083835 
0.075926 
0.073541 
0.130165 
0.118229 
0.050732 
0.127302 
0.133671 
0.156715 
0.128725 
0.065585 
0.123214 
0.076097 
0.082051 
0.111362 
0.107113 
0.112198 
0.106296 
0.094824 
0.133296 
0.168406 
0.130951 
0.129226 
0.135132 
0.131369 
0.127760 
0.065852 
0.037367 
0.083576 
0.124841 
0.102925 
0.097553 
0.052372 
0.078504 
0.105317 
0.088829 
0.025895 
0.008313 
-0.054581 
-0.024312 
-0.019173 
-0.054739 
-0.009251 
0.012732 
0.079837 
0.030383 
-0.098118 
-0.079866 
-0.091651 
-0.041817 
-0.019549 
-0.037101 
-0.060101 
-0.149203 
-0.121834 
-0.058608 
-0.052270 
-0.063685 
-0.022645 
0.011743 
0.089671 
0.043784 
0.036829 
-0.009003 
-0.009135 
-0.029903 
-0.024179 
-0.036703 
-0.060803 
-0.083678 
-0.057162 
-0.030195 
-0.097269 
-0.138943 
-0.047886 
0.004105 
-0.005485 
-0.014209 
-0.007661 
-0.004166 
-0.012733 
-0.059851 
-0.037028 
-0.007450 
-0.031860 
-0.027386 
-0.037167 
0.022976 
0.058473 
0.082873 
0.024919 
-0.001126 
0.060796 
0.022482 
-0.002158 
-0.056090 
0.002624 
-0.037386 
-0.037727 
-0.026522 
-0.016802 
0.040659 
0.001769 
-0.009776 
-0.028229 
-0.063511 
-0.071129 
-0.118242 
-0.149332 
-0.098825 
-0.058033 
-0.052047 
-0.112863 
-0.130229 
-0.111609 
-0.082102 
-0.109341 
-0.218044 
-0.235341 
-0.165762 
-0.246546 
