-0.001648 
0.318066 
0.271727 
0.246812 
0.320726 
0.478712 
0.630633 
0.605309 
0.558138 
0.594163 
0.563113 
0.500721 
0.324960 
0.215220 
0.326743 
0.249881 
0.346739 
0.330262 
0.347864 
0.495738 
0.670732 
0.752651 
0.744270 
0.881894 
0.919706 
0.849530 
0.860452 
0.931801 
1.017701 
0.501077 
0.554222 
0.446252 
0.670090 
0.564814 
0.489556 
0.633366 
0.917672 
0.948526 
0.956178 
0.856260 
0.873778 
1.018662 
0.609307 
0.605620 
0.744055 
0.892473 
1.167655 
0.939277 
0.956434 
1.276612 
1.465675 
1.477799 
1.515111 
1.393744 
1.445727 
1.430756 
1.255897 
1.039902 
0.936447 
1.076684 
0.935734 
0.911748 
0.867221 
1.037676 
0.968902 
1.341007 
1.231199 
1.131620 
1.117805 
0.891596 
1.056196 
0.819761 
1.049373 
1.026132 
0.894802 
1.177114 
0.947580 
1.103274 
1.085602 
1.093795 
0.957366 
0.951176 
0.876527 
0.897780 
1.002388 
-0.569764 
-0.579879 
-0.531051 
-0.526161 
-0.478576 
-0.480607 
-0.458201 
-0.513635 
-0.557085 
-0.640076 
-0.610199 
-0.609608 
-0.606161 
-0.609126 
-0.581423 
-0.544509 
-0.520147 
-0.480598 
-0.434441 
-0.449137 
-0.487415 
-0.542472 
-0.541062 
-0.535616 
-0.570707 
-0.563179 
-0.559055 
-0.500649 
-0.490051 
-0.493443 
-0.521795 
-0.537127 
-0.493807 
-0.475832 
-0.464056 
-0.489889 
-0.494101 
-0.457917 
-0.450654 
-0.413523 
-0.395603 
-0.367255 
-0.381057 
-0.406772 
-0.400120 
-0.356050 
-0.327301 
-0.334047 
-0.342145 
-0.365919 
-0.419671 
-0.429497 
-0.423573 
-0.387452 
-0.406691 
-0.386265 
-0.348995 
-0.264444 
-0.304655 
-0.316900 
-0.380696 
-0.330252 
-0.353610 
-0.368112 
-0.334370 
-0.310599 
-0.298118 
-0.268429 
-0.242570 
-0.207771 
-0.211157 
-0.151535 
-0.171323 
-0.140224 
-0.225363 
-0.282770 
-0.324884 
-0.322647 
-0.355262 
-0.336978 
-0.306622 
-0.236468 
-0.235448 
-0.207991 
-0.185719 
-0.164285 
-0.160297 
-0.196238 
-0.239668 
-0.202066 
-0.213015 
-0.164247 
-0.216305 
-0.187976 
-0.163280 
-0.145460 
-0.126017 
-0.121184 
-0.136447 
-0.093955 
-0.081830 
-0.071248 
-0.097010 
-0.061245 
-0.034603 
-0.015919 
0.051121 
-0.032587 
-0.102841 
-0.056059 
-0.027103 
0.060328 
0.060054 
0.060369 
0.113169 
0.044548 
-0.002399 
0.122798 
0.131814 
0.087122 
0.076144 
0.079366 
0.144366 
0.186274 
0.258861 
0.202791 
0.149267 
0.118176 
0.070981 
0.029646 
0.031968 
0.054377 
0.125729 
0.117260 
0.144101 
0.210023 
0.232024 
0.258981 
0.241401 
0.252030 
0.198475 
0.138402 
0.089095 
0.091439 
0.077734 
0.079875 
0.036458 
0.058069 
0.047480 
0.092970 
0.087971 
0.057605 
0.057777 
0.044761 
0.023805 
-0.000446 
1.216196 
1.288624 
1.268061 
1.160654 
1.217850 
1.269640 
1.273220 
1.259987 
1.160142 
1.141888 
1.148201 
1.197435 
1.082190 
1.063447 
1.036378 
0.987447 
1.109423 
1.135272 
1.088467 
1.097525 
0.973687 
1.217564 
1.181296 
1.131841 
1.074631 
1.054242 
0.927132 
0.928100 
0.908872 
1.035856 
0.988625 
1.295813 
1.261137 
1.316625 
1.279325 
1.245904 
1.177765 
1.167758 
1.125717 
1.100789 
0.994461 
1.497495 
1.499571 
1.522783 
1.557445 
