-0.335327 
-0.330699 
-0.359642 
-0.353892 
-0.388036 
-0.380164 
-0.339108 
-0.274552 
-0.256081 
-0.295770 
-0.289143 
-0.244412 
-0.239109 
-0.233174 
-0.256455 
-0.231122 
-0.215523 
-0.184545 
-0.175666 
-0.166114 
-0.135736 
-0.138718 
-0.129628 
-0.107333 
-0.089930 
-0.136442 
-0.142585 
-0.125835 
-0.079782 
-0.055782 
-0.045710 
-0.094002 
-0.134572 
-0.138203 
-0.116589 
-0.054219 
-0.098819 
-0.075072 
-0.072089 
-0.088204 
-0.102286 
-0.155902 
-0.140299 
-0.130522 
-0.122022 
-0.054492 
-0.051734 
-0.074230 
-0.154576 
-0.153674 
-0.160539 
-0.121611 
-0.101589 
-0.052941 
-0.042852 
-0.070386 
-0.088451 
-0.153998 
-0.093420 
-0.060520 
-0.055207 
-0.036319 
0.004714 
0.017513 
0.012431 
-0.096189 
-0.100847 
-0.117871 
-0.197123 
-0.197973 
-0.171070 
-0.162716 
-0.083189 
-0.126254 
-0.146724 
-0.114340 
-0.018568 
-0.023433 
-0.020618 
-0.048299 
-0.087194 
-0.088504 
-0.051884 
-0.015175 
0.039549 
0.056463 
0.041750 
-0.016859 
-0.026434 
-0.040825 
-0.105029 
-0.058210 
-0.031997 
0.000286 
-0.015360 
-0.063604 
-0.038893 
-0.048786 
-0.012202 
-0.013564 
-0.003227 
-0.053496 
-0.122064 
-0.114712 
-0.176852 
-0.140427 
-0.130579 
-0.115238 
-0.070896 
-0.038082 
-0.073433 
0.018761 
-0.005345 
-0.006349 
0.046809 
-0.012470 
-0.014048 
-0.056989 
-0.012992 
-0.010802 
-0.005671 
0.031239 
0.017099 
0.099038 
0.124864 
0.155783 
0.052687 
0.098739 
0.048677 
-0.018120 
0.007733 
-0.059256 
-0.100429 
-0.122966 
-0.176002 
-0.169896 
-0.193312 
-0.107794 
-0.055344 
-0.022416 
-0.072501 
-0.022563 
-0.105238 
-0.142919 
-0.168039 
-0.156063 
-0.233104 
-0.251121 
-0.238914 
-0.248663 
-0.220977 
-0.196994 
-0.134552 
-0.192492 
-0.233978 
-0.197271 
-0.213693 
-0.170610 
-0.227936 
-0.167747 
-0.066209 
-0.021687 
-0.088982 
-0.066762 
-0.112773 
-0.080719 
-0.114207 
-0.078116 
-0.040978 
-0.102653 
-0.136339 
-0.183656 
-0.155275 
-0.147548 
-0.274697 
-0.271232 
-0.279230 
-0.197907 
-0.158907 
-0.096470 
0.004296 
-0.039184 
0.035286 
-0.013902 
-0.004031 
-0.047639 
-0.049459 
-0.082901 
-0.074799 
-0.103840 
0.037166 
0.057615 
0.092026 
0.050620 
0.002744 
0.086185 
0.040358 
-0.015939 
-0.092885 
-0.085984 
-0.084713 
-0.067521 
-0.049875 
-0.074853 
-0.053490 
0.006829 
0.053800 
-0.004041 
-0.012542 
0.051825 
-0.004845 
-0.017149 
-0.033564 
-0.016456 
0.015402 
0.016171 
-0.003638 
0.001138 
-0.026047 
-0.049969 
-0.021952 
-0.005902 
0.011085 
0.023120 
0.031460 
0.066045 
0.056488 
0.092503 
0.087432 
0.089683 
0.084650 
0.089799 
0.058969 
0.067767 
0.098374 
0.125038 
0.068918 
0.009891 
0.006376 
-0.021395 
-0.027028 
-0.056604 
-0.078999 
-0.055106 
-0.022099 
0.022604 
-0.003692 
-0.000879 
-0.025327 
-0.025463 
-0.132942 
-0.064770 
-0.087798 
-0.090871 
-0.061335 
-0.060176 
-0.066512 
-0.111625 
-0.076921 
-0.075866 
-0.056447 
-0.002800 
-0.055931 
-0.086306 
-0.138896 
-0.144526 
-0.117120 
-0.112926 
-0.122867 
-0.080234 
-0.060998 
-0.012344 
-0.009072 
-0.030291 
-0.039519 
-0.060050 
-0.041271 
-0.001926 
-0.044414 
-0.051369 
-0.038712 
-0.032957 
-0.037943 
-0.041519 
0.000088 
0.089951 
0.064775 
0.020802 
0.048111 
0.034776 
0.033829 
0.057923 
0.067553 
0.094123 
0.123269 
0.034890 
0.025309 
0.039612 
0.060563 
0.066573 
0.108720 
0.034428 
0.078235 
0.061956 
0.102029 
0.114925 
0.088074 
0.090259 
0.117742 
0.132382 
0.194884 
0.194596 
0.224480 
0.188669 
0.205381 
0.190203 
0.132175 
0.134202 
0.138113 
0.131906 
0.125968 
0.176178 
0.205004 
0.247168 
0.292303 
0.306361 
0.295677 
0.307105 
0.237914 
0.292074 
0.294077 
0.255844 
0.250782 
0.263651 
0.302868 
0.333017 
0.277107 
0.248447 
0.177533 
0.231458 
0.216152 
0.253716 
0.231493 
0.218742 
0.252542 
0.193901 
0.180821 
0.237223 
0.272459 
0.261874 
0.272401 
0.267278 
0.240638 
0.205894 
0.244815 
0.205374 
0.152594 
0.173199 
0.122314 
0.182939 
0.185357 
0.202044 
0.217162 
0.222287 
0.234796 
0.248487 
0.245021 
0.279298 
0.267389 
0.269121 
0.287012 
0.292876 
0.294584 
0.293901 
0.243672 
0.269652 
0.216927 
0.215201 
0.267712 
0.255215 
0.267381 
0.244045 
0.233248 
0.202679 
0.203509 
0.181542 
0.227862 
0.258806 
0.221319 
0.253021 
0.206030 
0.243605 
0.238075 
0.217773 
0.194673 
0.203054 
0.173247 
0.158748 
0.198803 
0.116379 
0.129843 
0.131061 
0.122119 
0.105248 
0.097164 
0.135008 
0.187198 
0.215046 
0.223169 
0.244862 
0.253236 
0.218138 
0.229786 
0.183525 
0.234914 
0.235009 
0.236162 
0.304731 
0.285310 
0.328667 
0.331384 
0.297765 
0.322895 
0.351781 
0.325777 
0.350116 
0.362138 
0.349017 
0.336695 
