0.240545 
0.229576 
0.223525 
0.234493 
0.242436 
0.237897 
0.245083 
0.236384 
0.241679 
0.218608 
0.209531 
0.188729 
0.190242 
0.173222 
0.173222 
0.162632 
0.197806 
0.202723 
0.191377 
0.191377 
0.178896 
0.177005 
0.157337 
0.156959 
0.153555 
0.171710 
0.186838 
0.199697 
0.187973 
0.190620 
0.201967 
0.193646 
0.203858 
0.201967 
0.214070 
0.224281 
0.244705 
0.251513 
0.255673 
0.240166 
0.253026 
0.242436 
0.257186 
0.232602 
0.223525 
0.214448 
0.238275 
0.231846 
0.235628 
0.229576 
0.212557 
0.227307 
0.196672 
0.198941 
0.201210 
0.220499 
0.211422 
0.201210 
0.192511 
0.200454 
0.210287 
0.220877 
0.222769 
0.222390 
0.232602 
0.231846 
0.221256 
0.228064 
0.218230 
0.207640 
0.210666 
0.231089 
0.249244 
0.253782 
0.252648 
0.245461 
0.254917 
0.268154 
0.262481 
0.246218 
0.286309 
0.321104 
0.318457 
0.300303 
0.291225 
0.289713 
0.286687 
0.295008 
0.286687 
0.280257 
0.285930 
0.288200 
0.297277 
0.292738 
0.279123 
0.278744 
0.271558 
0.284418 
0.304841 
0.292738 
0.303328 
0.288200 
0.276475 
0.270424 
0.286687 
0.273071 
0.263238 
0.251135 
0.235628 
0.253782 
0.256808 
0.254160 
0.260968 
0.248865 
0.244327 
0.228820 
0.224281 
0.217474 
0.226929 
0.206884 
0.203858 
0.210287 
0.195537 
0.197050 
0.184569 
0.184947 
0.187973 
0.203101 
0.198563 
0.193646 
0.188729 
0.182300 
0.215204 
0.218230 
0.236006 
0.230711 
0.227307 
0.226172 
0.208396 
0.200832 
0.194024 
0.205749 
0.217474 
0.212935 
0.200454 
0.172466 
0.186460 
0.197806 
0.196293 
0.190998 
0.177383 
0.171331 
0.169818 
0.176626 
0.167549 
0.154690 
0.152421 
0.164523 
0.167927 
0.170953 
0.160363 
0.151286 
0.161498 
0.172466 
0.164523 
0.157716 
0.169818 
0.173222 
0.162254 
0.169440 
0.179274 
0.161498 
0.162254 
0.161498 
0.165280 
0.133132 
0.133510 
0.111573 
0.139561 
0.171710 
0.157716 
0.153177 
0.156203 
0.170197 
0.168684 
0.142587 
0.179652 
0.179274 
0.147504 
0.125189 
0.097958 
0.095688 
0.094175 
0.066188 
0.045008 
0.119894 
0.141074 
0.106278 
0.090772 
0.072617 
0.100983 
0.095688 
0.051059 
0.037443 
0.013238 
0.000000 
0.040469 
0.059758 
0.102874 
0.090772 
0.107791 
0.120272 
0.089259 
0.069213 
0.068457 
0.072617 
0.068457 
0.040091 
0.070726 
0.073752 
0.070726 
0.043873 
0.035552 
0.004160 
0.041604 
0.048790 
0.068457 
0.074508 
0.083964 
0.066188 
0.077534 
0.080560 
0.074508 
0.079425 
0.104009 
0.104766 
0.106278 
0.090772 
0.105522 
0.090015 
0.114221 
0.117247 
0.111195 
0.093041 
0.079047 
0.064297 
0.056354 
0.057110 
0.062405 
0.098336 
0.095688 
0.108548 
0.090393 
0.090772 
0.086989 
0.072995 
0.059002 
0.037821 
0.048033 
0.040847 
0.041225 
0.023828 
0.038956 
0.035930 
0.039713 
0.040091 
0.033661 
0.048790 
0.038578 
0.034418 
0.025719 
0.026853 
0.036309 
0.047277 
0.063540 
0.064297 
0.054841 
0.060514 
0.050681 
0.062405 
0.060514 
0.046142 
0.048033 
0.044251 
0.030257 
0.037821 
0.040469 
0.033283 
0.020802 
0.019667 
0.035930 
0.028744 
0.036309 
0.026853 
0.046142 
0.043116 
0.051815 
0.049168 
0.051059 
0.057110 
0.063918 
0.052572 
0.046142 
0.071483 
0.063540 
0.066566 
0.076778 
0.079047 
0.067322 
0.071483 
0.082073 
0.093419 
0.101740 
0.105522 
0.103253 
0.108169 
0.124433 
0.124433 
0.110439 
0.111195 
0.122920 
0.120651 
0.103253 
0.099470 
0.116868 
0.121407 
0.106657 
0.111195 
0.135023 
0.134644 
0.155068 
0.166415 
0.172844 
0.152421 
0.164902 
0.153177 
0.147126 
0.130862 
0.139183 
0.136536 
0.158472 
0.156959 
0.157716 
0.153555 
0.158850 
0.164145 
0.173979 
0.174357 
0.186838 
0.185325 
0.193646 
0.184569 
0.172466 
0.180408 
0.176626 
0.181165 
0.176626 
0.180030 
0.189107 
0.175492 
0.173979 
0.169440 
0.166415 
0.170953 
0.155825 
0.144478 
0.144478 
0.158850 
0.163767 
0.168306 
0.164902 
0.163767 
0.156203 
0.151286 
0.152042 
0.148638 
0.137292 
0.134644 
0.139939 
0.138805 
0.157337 
0.160363 
0.161498 
0.173979 
0.169062 
0.170953 
0.182300 
0.186082 
0.186082 
0.183812 
0.175492 
0.180787 
0.177005 
0.186838 
0.181921 
0.190242 
0.183812 
0.194402 
0.198941 
0.184569 
0.189486 
0.184191 
0.180787 
0.167549 
0.174735 
0.180787 
0.188729 
0.189486 
0.187216 
0.190998 
0.198941 
0.198941 
0.202345 
0.196672 
0.190998 
0.186838 
0.188351 
0.203101 
0.209531 
0.212557 
0.215961 
0.222390 
0.224660 
0.230333 
0.240923 
0.242814 
0.244705 
0.240166 
0.242436 
0.232980 
0.229576 
0.232602 
0.242814 
0.256808 
0.268533 
0.265129 
0.271558 
0.291225 
0.282526 
0.259455 
0.273828 
0.279123 
0.285552 
0.299924 
0.299546 
0.291225 
0.295764 
0.280635 
0.280635 
0.295386 
0.289713 
0.284796 
0.274206 
0.243570 
0.274584 
0.256430 
0.269667 
0.265885 
0.269289 
0.265129 
0.273071 
0.276475 
0.275719 
0.263616 
0.268533 
0.281392 
0.287443 
0.281770 
0.269667 
0.278744 
0.284418 
0.286687 
0.273828 
0.278366 
0.289334 
0.300303 
0.301437 
0.302950 
0.301437 
0.322239 
0.318835 
0.318835 
0.325643 
0.329047 
0.324130 
0.325265 
0.309380 
0.294629 
0.289334 
0.288578 
0.293116 
0.288578 
0.290847 
0.295008 
0.296142 
0.317700 
0.314675 
0.309758 
0.308245 
0.307489 
0.307867 
0.309758 
0.313162 
0.300303 
0.291604 
0.296899 
0.302194 
0.288200 
0.273449 
0.273449 
0.276475 
0.263616 
0.273071 
0.265507 
0.274962 
0.284039 
0.280635 
0.263616 
0.243192 
0.242057 
0.260212 
0.267020 
0.271558 
0.271558 
0.287443 
0.283661 
0.278366 
0.272315 
0.260590 
0.258699 
0.257943 
0.263238 
0.269289 
0.276097 
0.274962 
0.276097 
0.277988 
0.272315 
0.276475 
0.278366 
0.281392 
0.275340 
0.274206 
0.279123 
0.274206 
0.273449 
0.269667 
0.271558 
0.262859 
0.256808 
0.264750 
0.268154 
0.278744 
0.283661 
0.293116 
0.299924 
0.299546 
0.291982 
0.292738 
0.311271 
0.310136 
0.302194 
0.296899 
0.298790 
0.290847 
0.278744 
0.273828 
0.276853 
0.277231 
0.273449 
0.265507 
0.256808 
0.266641 
0.277610 
0.275719 
0.272693 
0.259077 
0.260968 
0.261725 
0.256051 
0.273449 
0.267776 
0.273828 
0.265129 
0.257943 
0.260590 
0.247352 
0.231089 
0.223147 
0.247352 
0.241679 
0.220121 
0.218986 
0.236384 
0.234871 
0.250756 
0.239788 
0.249244 
0.243949 
0.233359 
0.235628 
0.229198 
0.241301 
0.246596 
0.240545 
0.251135 
0.256430 
0.250378 
0.258699 
0.261725 
0.256430 
0.258321 
0.242057 
0.248109 
0.242436 
0.221256 
0.213313 
0.236006 
0.240545 
0.232602 
0.249622 
0.274962 
0.287443 
0.282905 
0.290091 
0.289334 
0.288956 
0.278744 
0.291604 
0.300303 
0.295764 
0.313162 
0.317700 
0.315809 
0.318079 
0.345310 
0.345310 
0.346445 
0.350227 
0.340015 
0.335477 
0.336989 
0.338124 
0.341906 
0.333207 
0.321104 
0.322239 
0.320348 
0.327534 
0.330938 
0.338124 
0.327156 
0.324887 
0.324887 
0.311271 
0.302194 
0.293495 
0.309380 
0.295386 
0.311271 
0.332829 
0.318835 
0.313540 
0.309758 
0.317322 
0.322239 
0.319592 
0.344175 
0.347201 
0.351362 
0.346445 
0.339259 
0.350227 
0.343797 
0.348336 
0.356278 
0.348336 
0.355144 
0.355900 
0.374054 
0.380484 
0.388048 
0.385023 
0.402042 
0.399395 
0.399017 
0.414523 
0.412254 
0.427005 
0.424357 
0.418306 
0.421331 
0.408094 
0.420953 
0.408094 
0.417171 
0.425870 
0.439864 
0.407337 
0.399017 
0.403177 
0.422088 
0.431921 
0.439486 
0.440620 
0.444402 
0.422466 
0.432300 
0.414523 
0.411876 
0.403933 
0.398260 
0.402042 
0.408472 
0.393722 
0.381241 
0.395613 
0.393343 
0.387670 
0.385779 
0.374054 
0.388805 
0.395991 
0.381997 
0.370272 
0.372920 
0.371029 
0.364977 
0.362708 
0.370272 
0.372920 
0.365734 
0.355900 
0.357791 
0.350605 
0.360817 
0.373676 
0.371407 
0.357791 
0.356657 
0.366490 
0.369894 
0.377837 
0.383888 
0.396369 
0.378215 
0.366868 
0.368003 
0.371407 
0.384644 
0.376324 
0.382375 
0.373298 
0.373676 
0.365734 
0.354009 
0.348714 
0.358926 
0.354766 
0.357413 
0.342284 
0.332451 
0.333585 
0.326021 
0.321104 
0.300681 
0.306732 
0.322995 
0.311649 
0.312784 
0.335098 
0.338502 
0.346823 
0.364221 
0.364977 
0.361195 
0.352874 
0.336611 
0.338880 
0.342284 
0.344932 
0.359304 
0.349092 
0.349092 
0.360439 
0.361952 
0.347201 
0.323374 
0.329047 
0.333207 
0.339259 
0.327156 
0.327156 
0.335477 
0.340772 
0.361952 
0.352874 
0.352496 
0.352118 
0.349470 
0.349092 
0.368759 
0.387292 
0.390318 
0.384644 
0.381241 
0.378593 
0.383510 
0.369516 
0.364977 
0.357035 
0.358548 
0.352874 
0.349849 
0.348714 
0.353253 
0.364977 
0.363843 
0.367625 
0.357035 
0.341528 
0.348336 
0.342663 
0.323752 
0.323374 
0.327534 
0.340393 
0.342663 
0.352874 
0.349849 
0.351740 
0.335098 
0.329425 
0.333207 
0.316944 
0.316944 
0.316944 
0.317322 
0.329425 
0.323374 
0.341528 
0.341150 
0.337368 
0.340772 
0.330182 
0.334342 
0.337746 
0.327534 
0.339637 
0.338502 
0.333585 
0.324887 
0.325265 
0.330938 
0.335477 
0.328290 
0.326399 
0.328290 
0.328669 
0.333585 
0.329047 
0.332073 
0.350605 
0.355522 
0.358926 
0.360817 
0.370272 
0.368003 
0.360061 
0.350983 
0.340015 
0.321104 
0.307867 
0.322995 
0.308245 
0.298411 
0.285174 
0.293495 
0.300681 
0.315053 
0.315809 
0.308245 
0.307489 
0.300303 
0.310893 
0.313918 
0.319592 
0.299924 
0.290091 
0.268911 
0.277231 
0.226929 
0.255673 
0.247731 
0.262859 
0.263616 
0.272315 
0.272693 
0.283283 
0.260968 
0.247352 
0.246596 
0.254539 
0.258699 
0.254539 
0.253782 
0.265885 
0.271180 
0.286687 
0.329425 
0.306354 
0.285552 
0.307489 
0.315809 
0.298033 
0.287821 
0.285930 
0.291982 
0.299546 
0.308623 
0.305598 
0.303707 
0.302950 
0.278744 
0.260212 
0.270045 
0.280257 
0.281392 
0.287443 
0.277988 
0.263238 
0.270045 
0.270802 
0.275719 
0.261725 
0.284418 
0.290091 
0.303707 
0.302572 
0.300681 
0.310514 
0.309002 
0.309002 
0.321861 
0.336611 
0.330560 
0.335477 
0.355144 
0.353253 
0.347201 
0.340772 
0.345310 
0.343797 
0.346445 
0.350605 
0.340393 
0.328290 
0.336989 
0.346445 
0.348714 
0.325643 
0.314675 
0.303328 
0.295008 
0.285174 
0.286687 
0.284796 
0.296142 
0.291604 
0.318079 
0.339259 
0.340772 
0.348336 
0.352118 
0.346823 
0.346823 
0.351740 
0.349849 
0.355522 
0.347579 
0.331316 
0.331316 
0.336989 
0.354009 
0.351740 
0.360061 
0.359682 
0.357791 
0.360061 
0.348336 
0.354766 
0.354009 
0.368003 
0.369138 
0.364977 
0.373298 
0.374811 
0.376324 
0.376702 
0.377080 
0.364977 
0.369894 
0.369138 
0.382753 
0.384644 
0.387670 
0.385779 
0.390318 
0.396747 
0.402042 
0.390318 
0.369138 
0.367625 
0.369138 
0.376702 
0.376702 
0.378593 
0.376324 
0.371407 
0.358926 
0.368759 
0.363086 
0.355900 
0.360061 
0.358169 
0.357791 
0.347579 
0.348714 
0.342284 
0.355900 
0.366112 
0.374811 
0.385023 
0.375189 
0.358169 
0.373298 
0.383510 
0.395613 
0.390696 
0.402421 
0.401286 
0.405068 
0.406581 
0.400151 
0.390318 
0.391831 
0.389561 
0.399395 
0.406203 
0.404312 
0.389183 
0.384644 
0.381241 
0.383132 
0.377458 
0.360817 
0.356657 
0.353253 
0.352118 
0.355900 
0.369516 
0.355900 
0.352496 
0.354009 
0.353253 
0.350605 
0.350227 
0.350227 
0.355144 
0.338502 
0.342663 
0.343797 
0.355144 
0.346067 
0.342284 
0.338880 
0.335855 
0.332073 
0.328290 
0.330560 
0.330938 
0.317700 
0.312784 
0.302194 
0.276097 
0.279879 
0.319970 
0.319970 
0.312784 
0.307489 
0.313918 
0.309380 
0.315809 
0.321483 
0.333585 
0.330560 
0.326399 
0.313918 
0.338502 
0.339637 
0.346823 
0.357413 
0.359682 
0.363843 
0.372542 
0.366868 
0.372163 
0.366868 
0.347958 
0.347958 
0.332073 
0.328290 
0.337746 
0.332829 
0.345688 
0.347201 
0.363843 
0.364221 
0.364977 
0.362708 
0.349849 
0.348714 
0.337368 
0.344175 
0.343419 
0.343041 
0.354387 
0.361573 
0.358926 
0.327912 
0.333207 
0.336233 
0.340393 
0.375567 
0.383510 
0.381997 
0.385023 
0.377837 
0.397126 
0.412632 
0.419818 
0.429652 
0.425113 
0.436838 
0.436838 
0.433056 
0.439864 
0.444781 
0.450454 
0.448185 
0.445915 
0.446672 
0.439864 
0.434947 
0.429652 
0.437595 
0.426626 
0.427383 
0.412254 
0.425113 
0.417171 
0.419440 
0.426626 
0.427005 
0.430787 
0.441755 
0.461044 
0.470877 
0.473903 
0.464826 
0.464448 
0.461800 
0.468608 
0.464070 
0.413767 
0.407337 
0.416415 
0.403933 
0.416793 
0.417549 
0.400151 
0.402799 
0.399773 
0.397504 
0.376324 
0.371407 
0.383132 
0.382753 
0.393722 
0.396369 
0.401664 
0.399773 
0.386914 
0.379728 
0.384644 
0.401286 
0.392587 
0.392587 
0.397504 
0.392209 
0.417549 
0.417549 
0.427005 
0.409985 
0.398638 
0.397126 
0.392587 
0.406959 
0.401286 
0.409228 
0.425113 
0.439486 
0.447428 
0.456127 
0.448941 
0.437595 
0.432678 
0.444402 
0.467474 
0.474281 
0.464070 
0.476172 
0.460287 
0.460666 
0.470499 
0.475038 
0.475794 
0.481467 
0.478064 
0.478064 
0.478442 
0.497731 
0.489788 
0.499244 
0.482602 
0.468608 
0.473147 
0.491679 
0.538200 
0.523449 
0.520045 
0.522693 
0.533283 
0.522315 
0.519667 
0.532905 
0.520424 
0.524206 
0.537821 
0.540847 
0.537443 
0.544251 
0.532148 
0.529879 
0.504917 
0.495461 
0.487519 
0.504917 
0.501135 
0.490545 
0.489788 
0.476929 
0.470499 
0.485628 
0.478820 
0.468608 
0.502269 
0.515129 
0.498109 
0.479955 
0.471634 
0.487141 
0.485250 
0.468230 
0.472769 
0.479576 
0.489032 
0.497731 
0.500000 
0.498865 
0.506808 
0.518533 
0.518533 
0.512481 
0.514750 
0.512481 
0.517776 
0.503404 
0.492814 
0.500000 
0.492814 
0.491301 
0.481846 
0.492436 
0.509455 
0.529123 
0.520802 
0.512103 
0.521558 
0.509834 
0.509834 
0.498865 
0.519289 
0.538578 
0.537443 
0.531392 
0.506808 
0.521558 
0.491679 
0.476551 
0.485628 
0.485628 
0.494705 
0.492057 
0.487897 
0.471634 
0.475794 
0.500000 
0.496974 
0.501891 
0.489410 
0.512859 
0.520045 
0.517020 
0.515129 
0.497352 
0.506808 
0.512859 
0.514372 
0.532526 
0.545386 
0.547655 
0.552572 
0.541225 
0.535552 
0.530635 
0.537443 
0.518911 
0.535174 
0.512103 
0.501135 
0.478820 
0.479198 
0.473525 
0.476551 
0.447050 
0.444781 
0.434569 
0.419440 
0.425870 
0.420575 
0.405068 
0.409607 
0.393343 
0.379728 
0.383132 
0.389561 
0.396369 
0.407716 
0.407716 
0.372542 
0.366868 
0.366112 
0.343419 
0.340393 
0.341906 
0.373298 
0.371785 
0.388427 
0.387292 
0.403555 
0.394100 
0.383510 
0.408094 
0.418306 
0.407716 
0.409228 
0.395991 
0.395234 
0.392587 
0.381619 
0.400530 
0.394478 
0.380484 
0.366868 
0.368759 
0.390318 
0.397126 
0.408094 
0.425113 
0.417549 
0.408472 
0.402042 
0.400530 
0.391452 
0.380106 
0.377458 
0.391074 
0.382753 
0.362708 
0.359304 
0.369138 
0.382753 
0.388805 
0.381997 
0.385401 
0.393343 
0.406203 
0.427005 
0.435703 
0.442511 
0.428517 
0.434569 
0.437595 
0.445159 
0.469365 
0.472769 
0.453858 
0.459153 
0.457640 
0.461044 
0.461044 
0.480711 
0.448563 
0.460287 
0.460666 
0.458396 
0.455371 
0.458396 
0.457262 
0.469743 
0.480333 
0.477685 
0.494705 
0.496596 
0.503404 
0.507564 
0.514750 
0.503404 
0.514750 
0.498487 
0.497731 
0.492814 
0.492057 
0.500756 
0.497731 
0.495461 
0.495461 
0.513994 
0.503026 
0.494327 
0.487519 
0.459531 
0.458775 
0.452723 
0.462935 
0.476929 
0.481467 
0.456127 
0.452723 
0.447806 
0.441377 
0.437973 
0.455371 
0.457640 
0.465204 
0.448941 
0.431921 
0.420953 
0.417549 
0.416793 
0.414902 
0.411876 
0.396369 
0.402421 
0.405446 
0.409985 
0.409228 
0.413011 
0.425113 
0.414145 
0.418306 
0.418306 
0.422844 
0.428139 
0.424357 
0.414145 
0.422844 
0.407337 
0.406581 
0.386536 
0.392209 
0.387292 
0.393722 
0.397504 
0.387670 
0.380862 
0.377080 
0.384644 
0.389183 
0.373676 
0.360817 
0.363843 
0.364221 
0.349092 
0.345310 
0.356278 
0.333964 
0.348714 
0.346067 
0.358548 
0.367625 
0.361573 
0.373298 
0.369894 
0.368381 
0.375946 
0.371407 
0.368381 
0.381997 
0.375946 
0.389939 
0.398260 
0.381997 
0.377080 
0.394100 
0.391074 
0.383510 
0.409228 
0.400151 
0.383510 
0.386914 
0.391074 
0.377080 
0.368381 
0.382375 
0.390318 
0.397126 
0.416415 
0.415280 
0.434947 
0.430787 
0.447050 
0.475038 
0.476551 
0.489032 
0.497352 
0.517398 
0.513238 
0.503782 
0.535930 
0.519667 
0.512859 
0.518154 
0.539334 
0.529123 
0.521180 
0.530635 
0.545764 
0.543116 
0.535174 
0.549924 
0.548411 
0.542360 
0.548790 
0.539713 
0.549924 
0.568835 
0.574887 
0.585098 
0.575643 
0.568079 
0.583585 
0.579425 
0.594175 
0.582829 
0.588502 
0.573374 
0.557867 
0.536309 
0.545008 
0.531392 
0.528366 
0.515885 
0.523828 
0.515129 
0.490923 
0.492057 
0.498865 
0.492057 
0.486006 
0.523828 
0.546142 
0.552572 
0.572239 
0.570348 
0.569592 
0.557867 
0.572617 
0.570348 
0.563540 
0.576778 
0.537065 
0.535174 
0.526097 
0.517776 
0.517776 
0.515507 
0.529501 
0.533283 
0.527231 
0.518533 
0.542360 
0.547277 
0.577912 
0.585477 
0.556732 
0.552950 
0.593419 
0.600605 
0.597579 
0.596445 
0.608169 
0.600605 
0.591528 
0.595310 
0.590772 
0.583207 
0.591906 
0.603631 
0.596067 
0.596445 
0.586989 
0.568079 
0.592284 
0.592284 
0.583964 
0.610061 
0.622542 
0.628971 
0.656581 
0.661876 
0.674357 
0.659228 
0.686460 
0.691755 
0.717852 
0.716339 
0.741301 
0.738275 
0.759834 
0.762103 
0.725416 
0.743192 
0.714070 
0.700832 
0.676248 
0.671710 
0.644478 
0.674357 
0.700832 
0.705749 
0.692511 
0.669818 
0.661876 
0.654312 
0.661498 
0.638805 
0.679652 
0.611195 
0.589637 
0.558245 
0.584342 
0.602496 
0.670197 
0.664145 
0.655825 
0.674357 
0.627837 
0.699697 
0.713313 
0.658472 
0.624811 
0.660363 
0.637670 
0.589637 
0.591906 
0.538578 
0.560136 
0.541604 
0.597958 
0.562784 
0.621029 
0.653177 
0.641452 
0.652799 
0.638805 
0.618759 
0.622542 
0.627458 
0.633132 
0.635401 
0.610817 
0.613843 
0.593797 
0.633510 
0.673222 
0.746974 
0.729955 
0.744705 
0.734115 
0.714826 
0.710287 
0.657716 
0.641831 
0.657337 
0.637292 
0.657716 
0.610061 
0.630862 
0.604009 
0.625567 
0.571861 
0.547655 
0.551815 
0.593419 
0.587746 
0.610439 
0.618003 
0.630484 
0.610817 
0.616868 
0.610817 
0.591150 
0.593041 
0.622163 
0.658472 
0.663389 
0.621785 
0.605522 
0.608548 
0.618003 
0.608548 
0.617625 
0.598336 
0.595688 
0.617247 
0.627080 
0.619138 
0.633888 
0.635401 
0.613464 
0.603631 
0.577156 
0.585855 
0.618381 
0.641452 
0.626324 
0.630106 
0.639939 
0.620651 
0.595688 
0.631241 
0.655825 
0.666036 
0.664145 
0.666415 
0.675492 
0.686082 
0.691755 
0.693646 
0.681543 
0.668306 
0.670575 
0.650530 
0.649017 
0.637670 
0.610817 
0.580560 
0.607035 
0.590772 
0.579803 
0.593041 
0.627837 
0.663767 
0.647882 
0.662254 
0.659985 
0.650908 
0.651664 
0.622542 
0.597201 
0.616112 
0.630484 
0.659985 
0.671331 
0.676626 
0.680030 
0.682300 
0.664902 
0.675113 
0.672844 
0.680787 
0.694024 
0.691377 
0.666415 
0.659985 
0.672466 
0.693646 
0.717474 
0.702345 
0.717852 
0.693646 
0.708775 
0.713313 
0.716339 
0.690620 
0.693646 
0.696293 
0.693268 
0.683434 
0.669062 
0.692511 
0.712935 
0.688351 
0.673979 
0.649773 
0.633510 
0.613843 
0.619138 
0.591906 
0.616112 
0.610439 
0.586233 
0.584720 
0.606278 
0.585855 
0.565431 
0.566566 
0.557110 
0.586611 
0.588880 
0.572239 
0.567322 
0.589259 
0.570726 
0.603253 
0.585855 
0.594932 
0.605522 
0.610439 
0.604766 
0.619516 
0.599470 
0.600983 
0.596823 
0.613086 
0.602118 
0.585855 
0.581694 
0.566188 
0.600227 
0.616868 
0.622542 
0.616112 
0.614221 
0.608548 
0.592284 
0.584342 
0.577534 
0.538956 
0.545386 
0.553328 
0.563918 
0.573374 
0.555976 
0.563540 
0.536687 
0.525340 
0.523071 
0.524584 
0.501891 
0.511346 
0.510968 
0.485250 
0.473525 
0.468230 
0.455749 
0.469743 
0.448941 
0.443268 
0.439107 
0.426248 
0.428517 
0.464070 
0.482602 
0.462557 
0.431921 
0.411120 
0.423979 
0.441755 
0.410741 
0.427005 
0.435703 
0.419818 
0.411876 
0.443646 
0.457640 
0.485628 
0.483359 
0.441377 
0.418684 
0.421331 
0.397126 
0.405446 
0.389561 
0.372542 
0.368381 
0.381241 
0.390318 
0.416036 
0.436838 
0.443646 
0.470121 
0.470877 
0.462557 
0.421331 
0.417549 
0.415280 
0.401664 
0.400530 
0.384266 
0.385401 
0.395234 
0.385779 
0.380862 
0.383888 
0.400908 
0.369894 
0.368759 
0.403555 
0.389561 
0.408094 
0.398260 
0.382753 
0.379349 
0.395613 
0.395234 
0.385401 
0.391074 
0.416415 
0.422088 
0.444781 
0.437595 
0.432678 
0.397126 
0.412254 
0.386536 
0.372920 
0.369138 
0.368759 
0.397882 
0.388427 
0.381619 
0.366868 
0.399773 
0.369894 
0.364221 
0.352496 
0.362708 
0.368381 
0.378215 
0.352874 
0.333964 
0.339637 
0.344554 
0.350983 
0.354009 
0.340772 
0.331316 
0.333585 
0.324887 
0.312405 
0.300681 
0.283661 
0.280635 
0.272315 
0.289334 
0.274584 
0.269667 
0.273449 
0.274962 
0.266641 
0.277988 
0.271558 
0.278366 
0.279501 
0.304085 
0.319592 
0.295008 
0.323374 
0.356657 
0.350227 
0.357413 
0.340772 
0.342663 
0.342663 
0.365356 
0.372542 
0.358926 
0.361573 
0.395991 
0.389183 
0.388048 
0.386157 
0.388048 
0.409607 
0.429652 
0.445159 
0.510968 
0.594175 
0.568835 
0.573374 
0.534039 
0.558623 
0.589259 
0.583585 
0.537443 
0.518911 
0.624811 
0.612330 
0.627458 
0.618003 
0.588502 
0.572239 
0.614599 
0.630106 
0.631619 
0.599092 
0.616490 
0.583207 
0.588124 
0.560893 
0.568457 
0.610817 
0.630106 
0.667927 
0.676626 
0.653177 
0.657716 
0.652421 
0.654690 
0.653933 
0.634266 
0.612708 
0.645234 
0.678517 
0.658472 
0.646747 
0.628215 
0.609304 
0.647504 
0.624054 
0.628593 
0.634266 
0.673979 
0.683434 
0.704614 
0.664523 
0.647504 
0.617247 
0.621029 
0.602118 
0.592663 
0.594932 
0.597579 
0.593797 
0.581316 
0.578669 
0.535174 
0.550303 
0.577534 
0.582073 
0.576778 
0.588124 
0.615734 
0.617247 
0.580938 
0.595310 
0.577912 
0.579425 
0.592284 
0.586989 
0.601362 
0.611952 
0.610439 
0.639183 
0.616112 
0.580182 
0.601740 
0.623298 
0.628593 
0.644478 
0.648638 
0.648260 
0.648260 
0.651664 
0.677761 
0.688729 
0.680787 
0.702345 
0.743192 
0.743192 
0.764750 
0.760968 
0.770045 
0.762103 
0.768911 
0.765507 
0.757186 
0.760968 
0.714070 
0.745461 
0.746974 
0.734115 
0.757943 
0.769289 
0.776097 
0.765129 
0.759834 
0.744705 
0.775719 
0.776853 
0.792738 
0.776475 
0.788200 
0.791225 
0.785174 
0.756051 
0.744705 
0.737519 
0.742057 
0.756430 
0.775719 
0.778744 
0.771936 
0.761346 
0.791982 
0.795764 
0.807110 
0.821861 
0.760212 
0.763994 
0.719743 
0.728442 
0.756051 
0.737141 
0.742436 
0.753782 
0.774584 
0.795008 
0.797277 
0.783661 
0.805976 
0.812405 
0.794251 
0.795008 
0.819592 
0.835477 
0.844554 
0.844554 
0.860439 
0.860061 
0.855900 
0.857413 
0.866868 
0.889939 
0.918684 
0.910363 
0.927761 
0.916036 
0.904690 
0.899017 
0.894100 
0.913767 
0.918306 
0.956505 
0.919818 
0.891074 
0.891074 
0.932300 
0.931543 
0.897882 
0.791982 
0.793873 
0.801437 
0.818079 
0.783283 
0.801815 
0.808245 
0.815809 
0.820726 
0.810136 
0.815431 
0.829047 
0.793873 
0.819592 
0.757564 
0.774206 
0.768533 
0.791604 
0.784796 
0.773449 
0.787821 
0.742814 
0.746974 
0.734493 
0.737897 
0.732224 
0.709909 
0.731467 
0.723147 
0.717474 
0.738654 
0.757564 
0.747352 
0.784796 
0.802194 
0.795008 
0.840772 
0.833585 
0.846067 
0.853253 
0.854766 
0.854766 
0.863464 
0.890696 
0.881241 
0.883510 
0.917171 
0.905068 
0.903933 
0.898260 
0.925492 
0.920953 
0.948185 
0.951967 
0.930030 
0.942890 
0.932678 
0.886914 
0.915658 
0.890696 
0.888805 
0.910741 
0.917927 
0.936082 
0.939486 
0.931921 
0.958396 
0.954236 
0.951589 
0.956505 
0.991679 
1.000000 
0.980333 
0.970877 
0.959531 
0.955749 
0.985250 
0.972769 
